Variation 1: Basic algorithm

Round 1
1  1,0      2,1    -1,-1
2  1,1      2,0    3,1  
3  -1,-1    2,1    3,0  
Round 2
1  1,0    2,1    2,2
2  1,1    2,0    3,1
3  2,2    2,1    3,0
Round 3
1  1,0    2,1    2,2
2  1,1    2,0    3,1
3  2,2    2,1    3,0
Round 4
1  1,0    2,1    2,2
2  1,1    2,0    3,1
3  2,2    2,1    3,0
Round 5
1  1,0    2,1    3,1
2  1,1    2,0    3,1
3  1,1    2,1    3,0
Round 6
1  1,0    2,1    3,1
2  1,1    2,0    3,1
3  1,1    2,1    3,0

Convergence Delay: 1 round

*********************

Variation 2: Algorithm with split horizon

Round 1
1  1,0      2,1    -1,-1
2  1,1      2,0    3,1  
3  -1,-1    2,1    3,0  
Round 2
1  1,0    2,1    2,2
2  1,1    2,0    3,1
3  2,2    2,1    3,0
Round 3
1  1,0    2,1    2,2
2  1,1    2,0    3,1
3  2,2    2,1    3,0
Round 4
1  1,0    2,1    2,2
2  1,1    2,0    3,1
3  2,2    2,1    3,0
Round 5
1  1,0    2,1    3,1
2  1,1    2,0    3,1
3  1,1    2,1    3,0
Round 6
1  1,0    2,1    3,1
2  1,1    2,0    3,1
3  1,1    2,1    3,0

Convergence Delay: 1 round

*********************

Variation 3: Algorithm with split horizon and poison reverse

Round 1
1  1,0      2,1    -1,-1
2  1,1      2,0    3,1  
3  -1,-1    2,1    3,0  
Round 2
1  1,0    2,1    2,2
2  1,1    2,0    3,1
3  2,2    2,1    3,0
Round 3
1  1,0    2,1    2,2
2  1,1    2,0    3,1
3  2,2    2,1    3,0
Round 4
1  1,0    2,1    2,2
2  1,1    2,0    3,1
3  2,2    2,1    3,0
Round 5
1  1,0    2,1    3,1
2  1,1    2,0    3,1
3  1,1    2,1    3,0
Round 6
1  1,0    2,1    3,1
2  1,1    2,0    3,1
3  1,1    2,1    3,0

Convergence Delay: 1 round