Round 1
1  1,0      -1,-1    3,1    4,1
2  -1,-1    2,0      3,1    4,1
3  1,1      2,1      3,0    4,1
4  1,1      2,1      3,1    4,0
Round 2
1  1,0    3,2    3,1    4,1
2  3,2    2,0    3,1    3,2
3  1,1    2,1    3,0    1,2
4  1,1    3,2    1,2    4,0
Round 3
1  1,0    3,2    3,1    4,1
2  3,2    2,0    3,1    3,3
3  1,1    2,1    3,0    1,2
4  1,1    1,3    1,2    4,0
Round 4
1  1,0    3,2    3,1    4,1
2  3,2    2,0    3,1    3,3
3  1,1    2,1    3,0    1,2
4  1,1    1,3    1,2    4,0
Round 5
1  1,0    3,2    3,1    4,1
2  3,2    2,0    3,1    3,3
3  1,1    2,1    3,0    1,2
4  1,1    1,3    1,2    4,0
Round 6
1  1,0    3,2    3,1    4,1
2  3,2    2,0    3,1    3,3
3  1,1    2,1    3,0    1,2
4  1,1    1,3    1,2    4,0
Round 7
1  1,0    3,2    3,1    4,1
2  3,2    2,0    3,1    3,3
3  1,1    2,1    3,0    1,2
4  1,1    1,3    1,2    4,0
Round 8
1  1,0    3,2    3,1    4,1
2  3,2    2,0    3,1    3,3
3  1,1    2,1    3,0    1,2
4  1,1    1,3    1,2    4,0
Round 9
1  1,0    3,2    3,1    4,1
2  3,2    2,0    3,1    3,3
3  1,1    2,1    3,0    1,2
4  1,1    1,3    1,2    4,0
Round 10
1  1,0    3,2    3,1    4,1
2  3,2    2,0    3,1    3,3
3  1,1    2,1    3,0    1,2
4  1,1    1,3    1,2    4,0
Round 11
1  1,0    3,2    3,1    4,1
2  3,2    2,0    3,1    3,3
3  1,1    2,1    3,0    1,2
4  1,1    1,3    1,2    4,0
Round 12
1  1,0    3,2    3,1    4,1
2  3,2    2,0    3,1    3,3
3  1,1    2,1    3,0    1,2
4  1,1    1,3    1,2    4,0
Round 13
1  1,0    3,2    3,1    4,1
2  3,2    2,0    3,1    3,3
3  1,1    2,1    3,0    1,2
4  1,1    1,3    1,2    4,0
Round 14
1  1,0    3,2    3,1    4,1
2  3,2    2,0    3,1    3,3
3  1,1    2,1    3,0    1,2
4  1,1    1,3    1,2    4,0
Round 15
1  1,0    3,2    3,1    4,1
2  3,2    2,0    3,1    3,3
3  1,1    2,1    3,0    1,2
4  1,1    1,3    1,2    4,0
Round 16
1  1,0    3,2    3,1    4,1
2  3,2    2,0    3,1    3,3
3  1,1    2,1    3,0    1,2
4  1,1    1,3    1,2    4,0
Round 17
1  1,0    3,2    3,1    4,1
2  3,2    2,0    3,1    3,3
3  1,1    2,1    3,0    1,2
4  1,1    1,3    1,2    4,0
Round 18
1  1,0    3,2    3,1    4,1
2  3,2    2,0    3,1    3,3
3  1,1    2,1    3,0    1,2
4  1,1    1,3    1,2    4,0
Round 19
1  1,0    3,2    3,1    4,1
2  3,2    2,0    3,1    3,3
3  1,1    2,1    3,0    1,2
4  1,1    1,3    1,2    4,0
Round 20
1  1,0    4,3    3,1    4,1
2  4,2    2,0    4,3    4,1
3  1,1    4,4    3,0    1,2
4  1,1    2,1    1,2    4,0
Round 21
1  1,0    3,5    3,1    4,1
2  4,2    2,0    4,3    4,1
3  1,1    1,4    3,0    1,2
4  1,1    2,1    1,2    4,0
Round 22
1  1,0    4,2    3,1    4,1
2  4,2    2,0    4,3    4,1
3  1,1    4,2    3,0    1,2
4  1,1    1,6    1,2    4,0
Round 23
1  1,0    3,3    3,1    4,1
2  4,2    2,0    4,3    4,1
3  1,1    4,7    3,0    1,2
4  1,1    3,5    1,2    4,0
Round 24
1  1,0    4,6    3,1    4,1
2  4,2    2,0    4,3    4,1
3  1,1    1,3    3,0    1,2
4  1,1    2,1    1,2    4,0
Round 25
1  1,0    3,8    3,1    4,1
2  4,2    2,0    4,3    4,1
3  1,1    1,7    3,0    1,2
4  1,1    2,1    1,2    4,0
Round 26
1  1,0    4,2    3,1    4,1
2  4,2    2,0    4,3    4,1
3  1,1    4,2    3,0    1,2
4  1,1    1,9    1,2    4,0
Round 27
1  1,0    3,3     3,1    4,1
2  4,2    2,0     4,3    4,1
3  1,1    4,10    3,0    1,2
4  1,1    3,8     1,2    4,0
Round 28
1  1,0    4,9    3,1    4,1
2  4,2    2,0    4,3    4,1
3  1,1    1,3    3,0    1,2
4  1,1    2,1    1,2    4,0
Round 29
1  1,0    3,11    3,1    4,1
2  4,2    2,0     4,3    4,1
3  1,1    1,10    3,0    1,2
4  1,1    2,1     1,2    4,0
Round 30
1  1,0    4,2     3,1    4,1
2  4,2    2,0     4,3    4,1
3  1,1    4,2     3,0    1,2
4  1,1    1,12    1,2    4,0
Round 31
1  1,0    3,3     3,1    4,1
2  4,2    2,0     4,3    4,1
3  1,1    4,13    3,0    1,2
4  1,1    3,11    1,2    4,0
Round 32
1  1,0    4,12    3,1    4,1
2  4,2    2,0     4,3    4,1
3  1,1    1,3     3,0    1,2
4  1,1    2,1     1,2    4,0
Round 33
1  1,0    3,14    3,1    4,1
2  4,2    2,0     4,3    4,1
3  1,1    1,13    3,0    1,2
4  1,1    2,1     1,2    4,0
Round 34
1  1,0    4,2     3,1    4,1
2  4,2    2,0     4,3    4,1
3  1,1    4,2     3,0    1,2
4  1,1    1,15    1,2    4,0
Round 35
1  1,0    3,3     3,1    4,1
2  4,2    2,0     4,3    4,1
3  1,1    4,16    3,0    1,2
4  1,1    3,14    1,2    4,0
Round 36
1  1,0    4,15    3,1    4,1
2  4,2    2,0     4,3    4,1
3  1,1    1,3     3,0    1,2
4  1,1    2,1     1,2    4,0
Round 37
1  1,0    3,17    3,1    4,1
2  4,2    2,0     4,3    4,1
3  1,1    1,16    3,0    1,2
4  1,1    2,1     1,2    4,0
Round 38
1  1,0    4,2     3,1    4,1
2  4,2    2,0     4,3    4,1
3  1,1    4,2     3,0    1,2
4  1,1    1,18    1,2    4,0
Round 39
1  1,0    3,3     3,1    4,1
2  4,2    2,0     4,3    4,1
3  1,1    4,19    3,0    1,2
4  1,1    3,17    1,2    4,0
Round 40
1  1,0    4,18    3,1    4,1
2  4,2    2,0     4,3    4,1
3  1,1    1,3     3,0    1,2
4  1,1    2,1     1,2    4,0
Round 41
1  1,0    3,20    3,1    4,1
2  4,2    2,0     4,3    4,1
3  1,1    1,19    3,0    1,2
4  1,1    2,1     1,2    4,0
Round 42
1  1,0    4,2     3,1    4,1
2  4,2    2,0     4,3    4,1
3  1,1    4,2     3,0    1,2
4  1,1    1,21    1,2    4,0
Round 43
1  1,0    3,3     3,1    4,1
2  4,2    2,0     4,3    4,1
3  1,1    4,22    3,0    1,2
4  1,1    3,20    1,2    4,0
Round 44
1  1,0    4,21    3,1    4,1
2  4,2    2,0     4,3    4,1
3  1,1    1,3     3,0    1,2
4  1,1    2,1     1,2    4,0
Round 45
1  1,0    3,23    3,1    4,1
2  4,2    2,0     4,3    4,1
3  1,1    1,22    3,0    1,2
4  1,1    2,1     1,2    4,0
Round 46
1  1,0    4,2     3,1    4,1
2  4,2    2,0     4,3    4,1
3  1,1    4,2     3,0    1,2
4  1,1    1,24    1,2    4,0
Round 47
1  1,0    3,3     3,1    4,1
2  4,2    2,0     4,3    4,1
3  1,1    4,25    3,0    1,2
4  1,1    3,23    1,2    4,0
Round 48
1  1,0    4,24    3,1    4,1
2  4,2    2,0     4,3    4,1
3  1,1    1,3     3,0    1,2
4  1,1    2,1     1,2    4,0
Round 49
1  1,0    3,26    3,1    4,1
2  4,2    2,0     4,3    4,1
3  1,1    1,25    3,0    1,2
4  1,1    2,1     1,2    4,0
Round 50
1  1,0    4,2     3,1    4,1
2  4,2    2,0     4,3    4,1
3  1,1    4,2     3,0    1,2
4  1,1    1,27    1,2    4,0
Round 51
1  1,0    3,3     3,1    4,1
2  4,2    2,0     4,3    4,1
3  1,1    4,28    3,0    1,2
4  1,1    3,26    1,2    4,0
Round 52
1  1,0    4,27    3,1    4,1
2  4,2    2,0     4,3    4,1
3  1,1    1,3     3,0    1,2
4  1,1    2,1     1,2    4,0
Round 53
1  1,0    3,29    3,1    4,1
2  4,2    2,0     4,3    4,1
3  1,1    1,28    3,0    1,2
4  1,1    2,1     1,2    4,0
Round 54
1  1,0    4,2    3,1    4,1
2  4,2    2,0    4,3    4,1
3  1,1    4,2    3,0    1,2
4  1,1    2,1    1,2    4,0
Round 55
1  1,0    4,2    3,1    4,1
2  4,2    2,0    4,3    4,1
3  1,1    1,3    3,0    1,2
4  1,1    2,1    1,2    4,0
Round 56
1  1,0    4,2    3,1    4,1
2  4,2    2,0    4,3    4,1
3  1,1    1,3    3,0    1,2
4  1,1    2,1    1,2    4,0
Round 57
1  1,0    4,2    3,1    4,1
2  4,2    2,0    4,3    4,1
3  1,1    1,3    3,0    1,2
4  1,1    2,1    1,2    4,0
Round 58
1  1,0    4,2    3,1    4,1
2  4,2    2,0    4,3    4,1
3  1,1    1,3    3,0    1,2
4  1,1    2,1    1,2    4,0
Round 59
1  1,0    4,2    3,1    4,1
2  4,2    2,0    4,3    4,1
3  1,1    1,3    3,0    1,2
4  1,1    2,1    1,2    4,0
Round 60
1  1,0    4,2    3,1    4,1
2  4,2    2,0    4,3    4,1
3  1,1    1,3    3,0    1,2
4  1,1    2,1    1,2    4,0
Round 61
1  1,0    4,2    3,1    4,1
2  4,2    2,0    4,3    4,1
3  1,1    1,3    3,0    1,2
4  1,1    2,1    1,2    4,0
Round 62
1  1,0    4,2    3,1    4,1
2  4,2    2,0    4,3    4,1
3  1,1    1,3    3,0    1,2
4  1,1    2,1    1,2    4,0
Round 63
1  1,0    4,2    3,1    4,1
2  4,2    2,0    4,3    4,1
3  1,1    1,3    3,0    1,2
4  1,1    2,1    1,2    4,0
Round 64
1  1,0    4,2    3,1    4,1
2  4,2    2,0    4,3    4,1
3  1,1    1,3    3,0    1,2
4  1,1    2,1    1,2    4,0
Round 65
1  1,0    4,2    3,1    4,1
2  4,2    2,0    4,3    4,1
3  1,1    1,3    3,0    1,2
4  1,1    2,1    1,2    4,0
Round 66
1  1,0    4,2    3,1    4,1
2  4,2    2,0    4,3    4,1
3  1,1    1,3    3,0    1,2
4  1,1    2,1    1,2    4,0
Round 67
1  1,0    4,2    3,1    4,1
2  4,2    2,0    4,3    4,1
3  1,1    1,3    3,0    1,2
4  1,1    2,1    1,2    4,0
Round 68
1  1,0    4,2    3,1    4,1
2  4,2    2,0    4,3    4,1
3  1,1    1,3    3,0    1,2
4  1,1    2,1    1,2    4,0
Round 69
1  1,0    4,2    3,1    4,1
2  4,2    2,0    4,3    4,1
3  1,1    1,3    3,0    1,2
4  1,1    2,1    1,2    4,0
Round 70
1  1,0    4,2    4,2    4,1
2  4,2    2,0    4,3    4,1
3  4,2    4,2    3,0    4,1
4  1,1    2,1    3,1    4,0
Round 71
1  1,0    4,2    4,2    4,1
2  4,2    2,0    4,2    4,1
3  4,2    4,2    3,0    4,1
4  1,1    2,1    3,1    4,0

Convergence Delay: 1 round